97.4355 0.112258
98.2832 0.112258
99.1307 0.112258
99.9782 0.112258
100.826 0.105104
101.673 0.0917595
102.52 0.0878617
103.367 0.0876783
104.214 0.0878158
105.061 0.0942358
105.908 0.103453
106.755 0.126519
107.602 0.13968
108.448 0.12739
109.295 0.100335
110.141 0.0867153
110.988 0.0830009
111.834 0.085202
112.68 0.085202
113.526 0.0872197
114.372 0.0917137
115.218 0.109919
116.064 0.128537
116.91 0.121291
117.756 0.106067
118.601 0.0975375
119.447 0.0855689
120.292 0.082313
121.137 0.0809832
121.983 0.0879076
122.828 0.0998303
123.673 0.109919
124.518 0.101344
125.363 0.0863026
126.208 0.0789196
127.052 0.0793782
127.897 0.0807997
128.742 0.0879076
129.586 0.0907048
130.431 0.0898794
131.275 0.0892833
132.119 0.088091
132.963 0.083597
133.807 0.0778649
134.651 0.0784152
135.495 0.0775898
136.339 0.0776356
137.183 0.0797909
138.026 0.0830926
138.87 0.0904755
139.713 0.0968955
140.557 0.0933645
141.4 0.0841473
142.243 0.0772688
143.086 0.0786903
143.929 0.0761223
144.772 0.0760306
145.615 0.0779108
146.458 0.0793782
147.301 0.0814417
148.143 0.0811207
148.986 0.0766268
149.828 0.0744715
150.671 0.0756638
151.513 0.0773146
152.355 0.0798367
153.197 0.0757555
154.039 0.0795616
154.881 0.0822672
155.723 0.083276
156.565 0.0785528
157.406 0.0741046
158.248 0.0747466
159.089 0.0733251
159.931 0.0746091
160.772 0.0716284
161.613 0.0769478
162.455 0.0743339
163.296 0.0774981
164.137 0.0782318
164.978 0.0742422
165.818 0.0737378
166.659 0.0715825
167.5 0.0724538
168.34 0.0710781
169.181 0.0744256
170.021 0.0740129
170.861 0.078461
171.702 0.0764892
172.542 0.0733709
173.382 0.0724079
174.222 0.0724538
175.062 0.0714449
175.902 0.0715367
176.741 0.0719494
177.581 0.0717201
178.42 0.0715825
179.26 0.0734168
180.099 0.0721787
180.939 0.0699317
181.778 0.0707571
182.617 0.0722245
183.456 0.0714908
184.295 0.0705737
185.134 0.0733251
185.973 0.0709864
186.811 0.0729582
187.65 0.0734626
188.488 0.0738754
189.327 0.0704361
190.165 0.0699317
191.003 0.0719035
191.842 0.0729582
192.68 0.0705278
193.518 0.0719035
194.356 0.0720869
195.193 0.0719494
196.031 0.0720411
196.869 0.0734626
197.706 0.0696565
198.544 0.0723162
199.381 0.0713991
200.219 0.0726372
201.056 0.0727748
201.893 0.0752969
202.73 0.0739212
203.567 0.0760306
204.404 0.0762141
205.241 0.0778649
206.078 0.0781859
206.914 0.0825882
207.751 0.085523
208.587 0.0897418
209.424 0.0984088
210.26 0.116247
211.096 0.141056
211.933 0.186867
212.769 0.246893
213.605 0.302609
214.44 0.301692
215.276 0.241207
216.112 0.172147
216.948 0.12817
217.783 0.104141
218.619 0.0910717
219.454 0.0855689
220.289 0.080708
221.125 0.0780025
221.96 0.0754345
222.795 0.0735085
223.63 0.0745632
224.465 0.0725455
225.299 0.0705278
226.134 0.070803
226.969 0.0713991
227.803 0.0702527
228.638 0.0700234
229.472 0.069198
230.306 0.0703444
231.141 0.0692438
231.975 0.0702527
232.809 0.0697941
233.643 0.0697941
234.477 0.0691521
235.31 0.0694272
236.144 0.0695648
236.978 0.0695648
237.811 0.0686477
238.645 0.0685101
239.478 0.0698858
240.311 0.0680974
241.144 0.0699775
241.978 0.0689687
242.811 0.0691521
243.643 0.0675471
244.476 0.0681433
245.309 0.0677764
246.142 0.0664007
246.974 0.068556
247.807 0.0687853
248.639 0.0678681
249.472 0.0690145
250.304 0.0677764
251.136 0.0671803
251.968 0.06984
252.8 0.0675013
253.632 0.067593
254.464 0.069519
255.296 0.0695648
256.127 0.0686018
256.959 0.0674095
257.79 0.0689687
258.622 0.0681891
259.453 0.0688311
260.284 0.067914
261.116 0.0686935
261.947 0.0692438
262.778 0.070161
263.609 0.0695648
264.439 0.068877
265.27 0.0684643
266.101 0.06984
266.931 0.068877
267.762 0.0693355
268.592 0.0688311
269.423 0.0697482
270.253 0.06984
271.083 0.0697482
271.913 0.0700234
272.743 0.0702985
273.573 0.070161
274.403 0.0699775
275.233 0.0714449
276.062 0.0697482
276.892 0.0695648
277.721 0.0703902
278.551 0.0715367
279.38 0.0715367
280.209 0.0705737
281.038 0.0707571
281.867 0.0706195
282.696 0.070803
283.525 0.0721328
284.354 0.0705737
285.183 0.0712615
286.011 0.0743798
286.84 0.0694272
287.669 0.0707571
288.497 0.0716284
289.325 0.0699775
290.153 0.0701151
290.982 0.0717201
291.81 0.0715825
292.638 0.0702527
293.465 0.0706195
294.293 0.0713532
295.121 0.0712615
295.949 0.0709864
296.776 0.0704361
297.604 0.0717201
298.431 0.0715825
299.258 0.0725455
300.086 0.0720869
300.913 0.070482
301.74 0.0727289
302.567 0.0738295
303.394 0.0722245
304.22 0.0722704
305.047 0.0741505
305.874 0.0747466
306.7 0.0754804
307.527 0.0760765
308.353 0.0745632
309.179 0.0754804
310.006 0.0774981
310.832 0.0765809
311.658 0.0777273
312.484 0.0785986
313.31 0.0787362
314.135 0.0811666
314.961 0.080708
315.787 0.0834136
316.612 0.0851103
317.438 0.088412
318.263 0.0902004
319.088 0.0925849
319.914 0.0977209
320.739 0.100381
321.564 0.108818
322.389 0.117027
323.214 0.125097
324.038 0.144128
324.863 0.164305
325.688 0.196267
326.512 0.245884
327.337 0.320585
328.161 0.454716
328.985 0.668914
329.809 0.933874
333.105 0.696657
333.929 0.460907
334.753 0.32485
335.577 0.243362
336.4 0.200991
337.224 0.166873
338.047 0.145962
338.87 0.129591
339.693 0.119549
340.516 0.112441
341.339 0.105333
342.162 0.102673
342.985 0.0961618
343.808 0.0932728
344.631 0.0904755
345.453 0.0906131
346.276 0.0879076
347.098 0.0857523
347.921 0.08456
348.743 0.0834594
349.565 0.0811666
350.387 0.0825882
351.209 0.0806163
352.031 0.0808456
352.853 0.0779566
353.675 0.0783693
354.497 0.0784152
355.318 0.0772688
356.14 0.0790572
356.961 0.0768561
357.783 0.0770853
358.604 0.0760765
359.425 0.0758931
360.246 0.0769019
361.067 0.0772229
361.888 0.0751135
362.709 0.0750676
363.53 0.0764892
364.35 0.0759848
365.171 0.0753428
365.992 0.0741964
366.812 0.0741964
367.632 0.0736919
368.453 0.0760306
369.273 0.0762599
370.093 0.0747008
370.913 0.0741505
371.733 0.0737836
372.553 0.0746549
373.373 0.0747008
374.192 0.0725914
375.012 0.0733709
375.831 0.0744256
376.651 0.0743339
377.47 0.0723621
378.29 0.0736002
379.109 0.0735085
379.928 0.0737378
380.747 0.0730499
381.566 0.0716284
382.385 0.0739671
383.204 0.0735085
384.022 0.0733709
384.841 0.0730499
385.659 0.0723621
386.478 0.0744715
387.296 0.0739212
388.114 0.0736461
388.933 0.0737378
389.751 0.0729124
390.569 0.0722704
391.387 0.0711698
392.205 0.0742422
393.022 0.0738295
393.84 0.0741046
394.658 0.0731417
395.475 0.0729124
396.293 0.0728665
397.11 0.0740588
397.927 0.0749301
398.745 0.0727289
399.562 0.0743339
400.379 0.0722704
401.196 0.0734626
402.013 0.0732334
402.829 0.0724079
403.646 0.0723162
404.463 0.0749759
405.279 0.0716284
406.096 0.0753428
406.912 0.0720411
407.728 0.0709864
408.545 0.0713532
409.361 0.0723621
410.177 0.0700234
410.993 0.0725455
411.809 0.0717201
412.624 0.0715825
413.44 0.0725914
414.256 0.0713532
415.071 0.0715825
415.887 0.0725914
416.702 0.0720869
417.517 0.0714449
418.333 0.0713991
419.148 0.0721328
419.963 0.0716284
420.778 0.0725914
421.593 0.0718577
422.408 0.0715367
423.222 0.0712615
424.037 0.0727748
424.851 0.0734168
425.666 0.0732792
426.48 0.0727289
427.295 0.0720869
428.109 0.0702985
428.923 0.0718118
429.737 0.0757555
430.551 0.0731417
431.365 0.0729124
432.179 0.0731417
432.992 0.0745632
433.806 0.0726372
434.62 0.0737378
435.433 0.0736461
436.247 0.0740588
437.06 0.0730499
437.873 0.0748384
438.686 0.0716284
439.499 0.0732334
440.312 0.0734626
441.125 0.0741964
441.938 0.0731417
445.189 0.0766726
446.001 0.0748384
446.813 0.0730958
447.625 0.0745632
448.438 0.0741505
449.25 0.0724079
450.062 0.0723621
450.874 0.0717201
451.685 0.0730958
452.497 0.0732792
453.309 0.0720411
454.12 0.0736002
454.932 0.0722704
455.743 0.0724538
456.555 0.0730958
457.366 0.0721787
458.177 0.0713532
458.988 0.0743798
459.799 0.0750218
460.61 0.0725455
461.421 0.0717201
462.232 0.0724079
463.042 0.0721787
463.853 0.0739212
464.664 0.0719952
465.474 0.0745174
466.284 0.0731417
467.095 0.0722704
467.905 0.0719035
468.715 0.0727748
469.525 0.0739671
470.335 0.0747466
471.145 0.0739671
471.954 0.0742422
472.764 0.0723162
473.574 0.0739671
474.383 0.0736919
475.193 0.0744256
476.002 0.0734626
476.811 0.0750676
477.621 0.0740588
478.43 0.0742422
479.239 0.0728665
480.048 0.0733709
480.857 0.0738295
481.665 0.0739671
482.474 0.0730041
483.283 0.0728665
484.091 0.0729124
484.9 0.0715825
485.708 0.0747466
486.516 0.0717201
487.324 0.0730041
488.133 0.0715367
488.941 0.0719035
489.749 0.0708947
490.557 0.0721328
491.364 0.0719494
492.172 0.0729582
492.98 0.0718118
493.787 0.0708947
494.595 0.0731417
495.402 0.0736919
496.209 0.0753428
497.017 0.0721787
497.824 0.0736002
498.631 0.0739671
499.438 0.0713991
500.245 0.0735085
501.052 0.0712615
501.858 0.0723621
502.665 0.0739671
503.471 0.0724079
504.278 0.0734626
505.084 0.0738295
505.891 0.0747925
506.697 0.0745174
507.503 0.0749759
508.309 0.0742422
509.115 0.0745174
509.921 0.0734168
510.727 0.0747925
511.533 0.0742422
512.338 0.0748842
513.144 0.0724997
513.949 0.0734168
514.755 0.0735085
515.56 0.0740588
516.365 0.0745632
517.171 0.0747008
517.976 0.0722704
518.781 0.0726372
519.586 0.0742422
520.391 0.0736461
521.195 0.0743339
522 0.0722704
522.805 0.0747925
523.609 0.0749759
524.414 0.0732792
525.218 0.0730041
526.022 0.0733709
526.826 0.0730958
527.63 0.0736919
528.435 0.0743798
529.239 0.0766268
530.042 0.0745174
530.846 0.0745632
531.65 0.0721787
532.453 0.0742881
533.257 0.0723162
534.06 0.0741964
534.864 0.0715367
535.667 0.0741046
536.47 0.0732334
537.273 0.0737378
538.077 0.0737378
538.88 0.0733709
539.682 0.0736919
540.485 0.0743339
541.288 0.0718577
542.091 0.0752969
542.893 0.0742422
543.696 0.0737836
544.498 0.0729124
545.3 0.0737836
546.103 0.0738295
546.905 0.0747925
547.707 0.0736461
548.509 0.0746091
549.311 0.0738754
550.113 0.0729124
550.914 0.0739671
551.716 0.0742881
552.518 0.0730499
553.319 0.0723162
554.12 0.0732792
554.922 0.0736919
555.723 0.0743798
556.524 0.0733709
557.325 0.0726372
558.126 0.0735085
558.927 0.0752969
559.728 0.0747466
560.529 0.0736461
561.33 0.0726372
562.13 0.0725455
562.931 0.0744715
563.731 0.0729124
564.532 0.0730499
565.332 0.0713532
566.132 0.0713074
566.932 0.0730499
567.732 0.0740129
568.532 0.0718118
569.332 0.0718577
570.132 0.0724997
570.932 0.0730958
571.731 0.0721787
572.531 0.0736461
573.33 0.0721787
574.13 0.0726831
574.929 0.0739212
575.728 0.0709864
576.527 0.0720411
577.326 0.0719494
578.125 0.0723621
578.924 0.0731417
579.723 0.0724997
580.522 0.0725455
581.32 0.0704361
582.119 0.071124
582.917 0.0722245
583.716 0.0715367
584.514 0.0719952
585.312 0.0727748
586.111 0.0718577
586.909 0.0710322
587.707 0.0723621
588.505 0.0731875
589.303 0.0720869
590.1 0.0716742
590.898 0.0716284
591.696 0.0726831
592.493 0.0733709
593.291 0.0710781
594.088 0.0729124
594.885 0.0741046
595.682 0.0723162
596.479 0.0718577
597.277 0.0725455
598.073 0.0718577
598.87 0.0699317
599.667 0.070482
600.464 0.0705737
601.26 0.0721787
602.057 0.0705737
602.854 0.0699775
603.65 0.0694272
604.446 0.0714908
605.242 0.0719952
606.039 0.0704361
606.835 0.0707571
607.631 0.071124
601.158 0.0719035
601.958 0.0719035
602.758 0.0719035
603.557 0.0719035
604.357 0.0719494
605.156 0.0736002
605.956 0.0703902
606.755 0.0723162
607.555 0.0720869
608.354 0.0714449
609.153 0.0729124
609.952 0.0727289
610.751 0.0720869
611.55 0.0703444
612.349 0.0714908
613.148 0.0734168
613.947 0.0730041
614.745 0.0702985
615.544 0.0727748
616.342 0.0712615
617.141 0.0725914
617.939 0.0717201
618.737 0.0725914
619.535 0.0739212
620.333 0.0707112
621.131 0.0736461
621.929 0.0752511
622.727 0.0740129
623.525 0.0725455
624.322 0.0722704
625.12 0.0724538
625.918 0.0724079
626.715 0.0740588
627.512 0.0750218
628.31 0.0722245
629.107 0.0747925
629.904 0.0729124
630.701 0.0746091
631.498 0.0747466
632.295 0.0726372
633.092 0.0731417
633.888 0.0740588
634.685 0.0741046
635.482 0.0734626
636.278 0.0744256
637.074 0.0753886
637.871 0.0729124
638.667 0.0727289
639.463 0.0736002
640.259 0.0730958
641.055 0.0754345
641.851 0.0726372
642.647 0.0772229
643.443 0.0736002
644.239 0.0727748
645.034 0.0767185
645.83 0.0761682
646.625 0.0736461
647.421 0.0767643
648.216 0.0765809
649.011 0.0742422
649.806 0.0737378
650.601 0.0738754
651.396 0.0763058
652.191 0.0740588
652.986 0.0752511
653.781 0.0757555
654.575 0.0755721
655.37 0.0739671
656.164 0.0748384
656.959 0.0749759
657.753 0.0742881
658.548 0.0764892
659.342 0.0753428
660.136 0.0754804
660.93 0.0768561
661.724 0.0761223
662.518 0.0765351
663.312 0.0760765
664.105 0.0751594
664.899 0.0758472
665.692 0.0751594
666.486 0.0757096
667.279 0.0757555
668.073 0.0770853
668.866 0.0755721
669.659 0.0761223
670.452 0.0793323
671.245 0.0768102
672.038 0.0786903
672.831 0.0779108
673.624 0.0785528
674.417 0.077819
675.209 0.0770395
676.002 0.0797909
676.794 0.0772688
677.586 0.0772688
678.379 0.0769936
679.171 0.0789655
679.963 0.079424
680.755 0.0796992
681.547 0.079424
682.339 0.0779108
683.131 0.0811207
683.923 0.0791948
684.714 0.0792865
685.506 0.0799285
686.298 0.0792406
687.089 0.0785528
687.88 0.0804787
688.672 0.0780942
689.463 0.0788738
690.254 0.0776356
691.045 0.0797909
691.836 0.078461
692.627 0.079103
693.418 0.080066
694.208 0.0790572
694.999 0.0783235
695.79 0.0802953
696.58 0.0807997
697.371 0.079745
698.161 0.081029
698.951 0.0805246
699.741 0.08135
700.531 0.0824047
701.322 0.0835512
702.112 0.0836429
702.901 0.0799743
703.691 0.0837346
704.481 0.081671
705.271 0.081671
706.06 0.084881
706.85 0.0824506
707.639 0.0823589
708.428 0.0843766
709.218 0.084239
710.007 0.0851103
710.796 0.0841014
711.585 0.0855689
712.374 0.0873114
713.163 0.0873114
713.951 0.0867153
714.74 0.0885954
715.529 0.0885037
716.317 0.088412
717.106 0.0901545
717.894 0.0910717
718.682 0.092264
719.471 0.0915761
720.259 0.0905672
721.047 0.0943734
721.835 0.0966662
722.623 0.0965745
723.411 0.0990508
724.198 0.100151
724.986 0.102077
725.774 0.106159
726.561 0.105838
727.349 0.108406
728.136 0.112808
728.923 0.113817
729.71 0.119457
730.497 0.121062
731.285 0.128674
732.072 0.12739
732.858 0.136516
733.645 0.139313
734.432 0.144449
735.219 0.14931
736.005 0.156509
736.792 0.161324
737.578 0.163342
738.365 0.166369
739.151 0.168386
739.937 0.170771
740.723 0.171
741.509 0.167928
742.295 0.160361
743.081 0.156647
743.867 0.148714
744.653 0.143211
745.438 0.136149
746.224 0.131655
747.009 0.126748
747.795 0.121062
748.58 0.113037
749.365 0.113404
750.15 0.110515
750.935 0.107534
751.721 0.105287
752.505 0.101252
753.29 0.0990049
754.075 0.0967121
754.86 0.0956574
755.644 0.0959325
756.429 0.0927225
757.214 0.0921722
757.998 0.0917595
758.782 0.091622
759.566 0.0918054
760.351 0.0879076
761.135 0.0883661
761.919 0.0891915
762.703 0.0882286
763.487 0.0875407
764.27 0.0851103
765.054 0.0833219
765.838 0.0879534
766.621 0.0850644
767.405 0.0851103
768.188 0.0868528
768.971 0.085202
769.755 0.0861191
770.538 0.0855689
771.321 0.0837346
772.104 0.0820837
772.887 0.083918
773.669 0.0845141
774.452 0.0841473
775.235 0.0854313
776.018 0.083918
776.8 0.086486
777.583 0.0842849
778.365 0.0844683
779.147 0.0852937
779.929 0.085202
780.712 0.0835053
781.494 0.08456
782.276 0.0848351
783.058 0.0862108
783.839 0.0864401
784.621 0.0859816
785.403 0.0857981
786.184 0.0857064
786.966 0.0852479
787.747 0.084239
788.529 0.0853854
789.31 0.0860274
790.091 0.0863026
790.872 0.0864401
791.653 0.086486
792.434 0.0876783
793.215 0.0846517
793.996 0.0888247
794.777 0.0857981
795.557 0.086486
796.338 0.0879993
797.119 0.0861191
797.899 0.0855689
798.679 0.0837804
799.46 0.0863026
800.24 0.0861191
801.02 0.0840556
801.8 0.0853396
802.58 0.0891915
803.36 0.0873114
804.14 0.0870363
804.919 0.0896043
805.699 0.0862108
806.479 0.087128
807.258 0.0838722
808.038 0.0882286
808.817 0.08777
809.596 0.0859357
810.375 0.0881368
811.155 0.0891915
811.934 0.0889623
812.713 0.0850186
813.491 0.086486
814.27 0.0866694
815.049 0.0874948
815.828 0.0868528
816.606 0.0874031
817.385 0.08777
818.163 0.0951529
819.72 0.0942817
820.498 0.0873114
821.276 0.0865318
822.054 0.0857064
822.832 0.0878617
823.61 0.085844
824.388 0.0866694
825.165 0.0852937
825.943 0.0874948
826.721 0.0849727
827.498 0.0866694
828.275 0.0866236
829.053 0.0857981
829.83 0.0853396
830.607 0.0846059
831.384 0.0866236
832.161 0.0860733
832.938 0.0845141
833.715 0.0868987
834.492 0.0838722
835.269 0.0841014
836.045 0.0850644
836.822 0.0855689
837.598 0.0837804
838.375 0.0789196
839.151 0.086165
839.927 0.0859357
840.704 0.0865777
841.48 0.0851103
842.256 0.0875407
843.032 0.0855689
843.807 0.0852479
844.583 0.0857523
845.359 0.0841014
846.135 0.086807
846.91 0.0844224
847.686 0.0844224
848.461 0.0832302
849.236 0.086486
850.012 0.0845141
850.787 0.0855689
851.562 0.0857981
852.337 0.0841931
853.112 0.0846517
853.887 0.0859816
854.661 0.0863484
855.436 0.0863943
856.211 0.083597
856.985 0.0863484
857.76 0.0855689
858.534 0.083918
859.309 0.0849727
860.083 0.0836429
860.857 0.083918
861.631 0.0847893
862.405 0.0830926
863.179 0.0856147
863.953 0.08456
864.727 0.0864401
865.5 0.0841014
866.274 0.0825423
867.048 0.084881
867.821 0.0858899
868.594 0.0836887
869.368 0.0859816
870.141 0.082313
870.914 0.0836429
871.687 0.0861191
872.46 0.0839639
873.233 0.0833219
874.006 0.0831384
874.779 0.0844224
875.552 0.0841473
876.324 0.0830467
877.097 0.0857064
877.869 0.0849727
878.642 0.0853854
879.414 0.0869904
880.186 0.0848351
880.958 0.0855689
881.73 0.0874031
882.503 0.0841014
883.274 0.0862108
884.046 0.0862567
884.818 0.0846517
885.59 0.0874948
886.361 0.0853854
887.133 0.083276
887.904 0.0824964
888.676 0.0855689
889.447 0.0860274
890.218 0.0853854
890.99 0.0849269
891.761 0.0844224
892.532 0.0855689
893.303 0.0843307
894.073 0.0846059
894.844 0.0856147
895.615 0.0836429
896.386 0.0873573
897.156 0.0849269
897.927 0.0851103
898.697 0.0843307
899.467 0.0839639
900.238 0.0846517
901.008 0.0846059
901.778 0.0836429
902.548 0.0852479
903.318 0.0885954
904.088 0.0863484
904.858 0.0844224
905.627 0.0839639
906.397 0.0847893
907.166 0.0841014
907.936 0.0857064
908.705 0.0870821
909.475 0.0853854
910.244 0.0863026
911.013 0.0846517
911.782 0.0869446
912.551 0.0866694
913.32 0.0825423
914.089 0.0852937
914.858 0.0846517
915.627 0.0858899
916.395 0.0853396
917.164 0.0855689
917.932 0.0868987
918.701 0.0850186
919.469 0.0833219
920.237 0.0853854
921.005 0.0855689
921.773 0.0869446
922.542 0.08456
923.309 0.0860733
924.077 0.0845141
924.845 0.082634
925.613 0.0836887
926.38 0.0868987
927.148 0.084881
927.916 0.0845141
928.683 0.0854313
929.45 0.0850186
930.218 0.0857981
930.985 0.084881
931.752 0.0846517
932.519 0.0874031
933.286 0.0851561
934.053 0.0843307
934.82 0.0870363
935.586 0.0875866
936.353 0.0850644
937.12 0.084881
937.886 0.0853396
938.652 0.0856147
939.419 0.0840556
940.185 0.0850644
940.951 0.0851561
941.717 0.0846976
942.483 0.0840097
943.249 0.0864401
944.015 0.0863484
944.781 0.0868987
945.547 0.0855689
946.312 0.0857064
947.078 0.0834594
947.844 0.0866694
948.609 0.0867153
949.374 0.0844224
950.14 0.0859816
950.905 0.0867153
951.67 0.0834594
952.435 0.0857064
953.2 0.083597
953.965 0.0852479
954.73 0.0860733
955.494 0.0852937
956.259 0.0857981
957.024 0.086165
957.788 0.08456
958.553 0.085202
959.317 0.0868987
960.081 0.0882744
960.846 0.0830009
961.61 0.0865777
962.374 0.0840097
963.138 0.0856606
963.902 0.0881368
964.665 0.086486
965.429 0.0849727
966.193 0.0846059
966.956 0.0862567
967.72 0.0851103
968.483 0.0859357
969.247 0.0850644
970.01 0.0862108
970.773 0.0851103
971.536 0.0851103
972.3 0.0872656
973.063 0.0849727
973.825 0.0852479
974.588 0.0872656
975.351 0.0865777
976.114 0.0845141
976.876 0.0855689
977.639 0.0859357
978.401 0.0856147
979.164 0.0841931
979.926 0.085202
980.688 0.0856147
981.45 0.0855689
982.213 0.0851103
982.975 0.0870363
983.736 0.0870821
984.498 0.0853854
985.26 0.0846059
986.022 0.0856147
986.783 0.0852937
987.545 0.0849269
988.306 0.0854313
989.068 0.08456
989.829 0.0855689
990.59 0.0859357
991.352 0.0879534
992.113 0.0865318
992.874 0.0869904
993.635 0.0859816
994.396 0.0868987
995.156 0.0862108
995.917 0.0865318
996.678 0.0872197
997.438 0.0853854
998.199 0.0857523
998.959 0.085202
999.719 0.086165
1000.48 0.0860274
1001.24 0.0875866
1002 0.0876783
1002.76 0.0840097
1003.52 0.087128
1004.28 0.0862567
1005.04 0.0863943
1005.8 0.0857523
1006.56 0.0854313
1007.32 0.0863484
1008.08 0.0852937
1008.84 0.0860733
1009.6 0.0840556
1010.36 0.0858899
1011.12 0.0863026
1011.87 0.0860274
1012.63 0.086486
1013.39 0.0861191
1014.15 0.0848351
1014.91 0.0862567
1015.67 0.086807
1016.43 0.088412
1017.19 0.0860274
1017.94 0.0867153
1018.7 0.0866694
1019.46 0.088412
1020.22 0.0867611
1020.98 0.0843307
1021.74 0.0867611
1022.49 0.0895125
1023.25 0.0857981
1024.01 0.0852479
1024.77 0.085202
1025.53 0.0868528
1026.28 0.0872197
1027.04 0.0859816
1027.8 0.0863026
1028.56 0.0868528
1029.31 0.0886413
1030.07 0.0883203
1030.83 0.0857981
1031.59 0.0875407
1032.34 0.086807
1033.1 0.0881368
1033.86 0.0862108
1034.61 0.08777
1035.37 0.0879993
1036.13 0.0889164
1036.88 0.0885037
1037.64 0.0888705
1038.4 0.0907048
1039.15 0.0889164
1039.91 0.0882744
1040.67 0.0889164
1041.42 0.0902463
1042.18 0.0902463
1042.93 0.0881368
1043.69 0.0908882
1044.45 0.0915302
1045.2 0.0924474
1045.96 0.0914844
1046.71 0.0929059
1047.47 0.0936397
1048.22 0.0933187
1048.98 0.0948319
1049.73 0.0935021
1050.49 0.0945109
1051.24 0.0964828
1052 0.0966204
1052.75 0.0968955
1053.51 0.0942817
1054.26 0.0937772
1055.02 0.0954739
1055.77 0.0973082
1056.53 0.0975375
1057.28 0.0957949
1058.04 0.0983171
1058.79 0.0990508
1059.55 0.101848
1060.3 0.101252
1061.06 0.101023
1061.81 0.106984
1062.56 0.103407
1063.32 0.103545
1064.07 0.103957
1064.83 0.107809
1065.58 0.106892
1066.33 0.113312
1067.09 0.113496
1067.84 0.114321
1068.59 0.114367
1069.35 0.118127
1070.1 0.120879
1070.85 0.122805
1071.61 0.127665
1072.36 0.130279
1073.11 0.135461
1073.87 0.142156
1074.62 0.143257
1075.37 0.147888
1076.12 0.15495
1076.88 0.156097
1077.63 0.167286
1078.38 0.172651
1079.13 0.178567
1079.89 0.191085
1080.64 0.195075
1081.39 0.211583
1082.14 0.226808
1082.9 0.245517
1083.65 0.264732
1084.4 0.285367
1085.15 0.31311
1085.9 0.345348
1086.65 0.381345
1087.41 0.423763
1088.16 0.465905
1088.91 0.52098
1089.66 0.578209
1090.41 0.64383
1091.16 0.726647
1091.91 0.802999
1092.66 0.861558
1093.42 0.930252
1094.17 0.979915
1094.92 1.00005
1095.67 0.997065
1096.42 0.971202
1097.17 0.921493
1097.92 0.855322
1098.67 0.791214
1099.42 0.731692
1100.17 0.666988
1100.92 0.605952
1101.67 0.558169
1102.42 0.512175
1103.17 0.47659
1103.92 0.439629
1104.67 0.405787
1105.42 0.37974
1106.17 0.349475
1106.92 0.324345
1107.67 0.300637
1108.42 0.282386
1109.17 0.260834
1109.92 0.246985
1110.67 0.226579
1111.42 0.213739
1112.17 0.200715
1112.91 0.191544
1113.66 0.174256
1114.41 0.166598
1115.16 0.159032
1115.91 0.151052
1116.66 0.142248
1117.41 0.135186
1118.16 0.131517
1118.9 0.127023
1119.65 0.120879
1120.4 0.11964
1121.15 0.114184
1121.9 0.111386
1122.65 0.110515
1123.39 0.10969
1124.14 0.106021
1124.89 0.104508
1125.64 0.102765
1126.38 0.105379
1127.13 0.0996469
1127.88 0.100335
1128.63 0.0963452
1129.37 0.0973082
1130.12 0.0929059
1130.87 0.0958866
1131.62 0.0966662
1132.36 0.0928601
1133.11 0.0924015
1133.86 0.0929977
1134.6 0.0895125
1135.35 0.0930435
1136.1 0.0950612
1136.84 0.0905672
1137.59 0.0914844
1138.34 0.0904755
1139.08 0.0911175
1139.83 0.0879534
1140.58 0.0892833
1141.32 0.0905214
1142.07 0.0916678
1142.82 0.09098
1143.56 0.0907048
1144.31 0.0893291
1145.05 0.0879076
1145.8 0.0892833
1146.54 0.0879534
1147.29 0.0879534
1148.04 0.0876324
1148.78 0.0877241
1149.53 0.0875407
1150.27 0.0872656
1151.02 0.0878617
1151.76 0.085844
1152.51 0.0877241
1153.25 0.0892374
1154 0.0863943
1154.74 0.0863026
1155.49 0.0857981
1156.23 0.0885954
1156.98 0.084881
1157.72 0.0863026
1158.47 0.087128
1159.21 0.0856606
1159.95 0.0872656
1160.7 0.0856147
1161.44 0.0853396
1162.19 0.0868528
1162.93 0.0846059
1163.67 0.0874031
1164.42 0.0849269
1165.16 0.0846517
1165.91 0.0841931
1166.65 0.0855689
1167.39 0.0848351
1168.14 0.0840556
1168.88 0.0831843
1169.62 0.0839639
1170.37 0.0855689
1171.11 0.0870363
1171.85 0.0857523
1172.6 0.0855689
1173.34 0.0855689
1174.08 0.0859357
1174.82 0.0857981
1175.57 0.0833219
1176.31 0.0862108
1177.05 0.0866236
1177.8 0.0853854
1178.54 0.0844224
1179.28 0.0841931
1180.02 0.08456
1180.77 0.0853854
1181.51 0.0830926
1182.25 0.0845141
1182.99 0.0825423
1183.73 0.0851103
1184.48 0.082955
1185.22 0.085202
1185.96 0.0847893
1186.7 0.0836887
1187.44 0.0852937
1188.18 0.0846517
1188.92 0.0856606
1189.67 0.082955
1190.41 0.0837804
1191.15 0.0857981
1191.89 0.083597
1192.63 0.0855689
1193.37 0.0824964
1194.11 0.083918
1194.85 0.0844683
1195.59 0.0849727
1196.34 0.0854313
1197.08 0.0841473
1197.82 0.0870821
1198.56 0.0848351
1199.3 0.0859816
1200.04 0.0847893
1200.78 0.0859357
1201.52 0.0852479
1202.26 0.0847893
1203 0.0847893
1203.74 0.085202
1204.48 0.0843766
1205.22 0.0824506
1205.96 0.0851103
1206.7 0.0857981
1207.44 0.0841931
1208.18 0.0846059
1208.92 0.0821296
1209.66 0.0841931
1210.39 0.0836887
1211.13 0.0860274
1211.87 0.0841014
1212.61 0.0825423
1213.35 0.0846059
1214.09 0.0830926
1214.83 0.085202
1215.57 0.0836429
1216.31 0.0850644
1217.04 0.0828633
1217.78 0.0857064
1218.52 0.0846976
1219.26 0.082634
1220 0.0853396
1220.74 0.0831843
1221.48 0.0847434
1222.21 0.0840556
1222.95 0.0828174
1223.69 0.0846059
1224.43 0.0840097
1225.16 0.083276
1225.9 0.0852479
1226.64 0.0841473
1227.38 0.0836429
1228.12 0.0843307
1228.85 0.0821296
1229.59 0.0824506
1230.33 0.0830926
1231.06 0.0840556
1231.8 0.0865318
1232.54 0.0824047
1233.28 0.0854313
1234.01 0.0863026
1234.75 0.0865318
1235.49 0.0830009
1236.22 0.0841014
1236.96 0.083918
1237.7 0.0833677
1238.43 0.0844683
1239.17 0.085202
1239.91 0.0848351
1240.64 0.0852479
1241.38 0.082955
1242.11 0.0813042
1242.85 0.0845141
1243.59 0.0852479
1244.32 0.0846059
1245.06 0.0838722
1245.79 0.0828633
1246.53 0.0835512
1247.27 0.0852479
1248 0.0855689
1248.74 0.0859357
1249.47 0.0856606
1250.21 0.0834594
1250.94 0.0849269
1251.68 0.0830926
1252.41 0.0841473
1253.15 0.0845141
1253.88 0.0839639
1254.62 0.0841473
1255.35 0.0831843
1256.09 0.0840556
1256.82 0.0853854
1257.56 0.0836429
1258.29 0.0815335
1259.02 0.083918
1259.76 0.0849269
1260.49 0.084881
1261.23 0.083597
1261.96 0.0836429
1262.7 0.0835512
1263.43 0.084881
1264.16 0.0837346
1264.9 0.0809832
1265.63 0.0838722
1266.36 0.0850186
1267.1 0.0834594
1267.83 0.0863484
1268.57 0.0841931
1269.3 0.0840097
1270.03 0.0866694
1270.77 0.082955
1271.5 0.0844224
1272.23 0.0846517
1272.96 0.0838722
1273.7 0.084239
1274.43 0.0840556
1275.16 0.0835053
1275.9 0.0846517
1276.63 0.0834594
1277.36 0.0816252
1278.09 0.0845141
1278.83 0.0854771
1279.56 0.0852937
1280.29 0.0821754
1281.02 0.0855689
1281.76 0.0838722
1282.49 0.0833677
1283.22 0.0869446
1283.95 0.0861191
1284.68 0.0834136
1285.42 0.0849727
1286.15 0.0854771
1286.88 0.082955
1287.61 0.0843766
1288.34 0.0844683
1289.07 0.082634
1289.8 0.0870363
1290.54 0.0843766
1291.27 0.0830926
1292 0.0846976
1292.73 0.0833219
1293.46 0.0852937
1294.19 0.0860733
1294.92 0.0830467
1295.65 0.0833677
1296.38 0.0849727
1297.11 0.0831843
1297.84 0.0846517
1298.57 0.0837804
1299.31 0.0841473
1300.04 0.0828633
1300.77 0.0855689
1301.5 0.0852479
1302.23 0.0820837
1302.96 0.0857064
1303.69 0.085844
1304.42 0.0849727
1305.15 0.0835053
1305.88 0.0838263
1306.61 0.082955
1307.33 0.0850644
1308.06 0.0839639
1308.79 0.084239
1309.52 0.082634
1310.25 0.083918
1310.98 0.084239
1311.71 0.0856606
1312.44 0.0860733
1313.17 0.0827257
1313.9 0.0852479
1314.63 0.0821296
1315.36 0.083597
1316.08 0.0837804
1316.81 0.0840556
1317.54 0.0854771
1318.27 0.0836429
1319 0.0841014
1319.73 0.0853396
1320.45 0.0862108
1321.18 0.0781859
1321.91 0.082955
1322.64 0.0841931
1323.37 0.0844683
1324.1 0.0857523
1324.82 0.0833219
1325.55 0.085202
1326.28 0.083597
1327.01 0.0850644
1327.73 0.0855689
1328.46 0.0835512
1329.19 0.0836887
1329.92 0.083597
1330.64 0.0830926
1331.37 0.0837346
1332.1 0.0820379
1332.82 0.0830009
1333.55 0.0840097
1334.28 0.0832302
1335.01 0.0853396
1335.73 0.0840556
1336.46 0.0846059
1337.19 0.0835053
1337.91 0.0838263
1338.64 0.085202
1339.36 0.0831384
1340.09 0.0866694
1340.82 0.0815335
1341.54 0.0835512
1342.27 0.0851103
1343 0.0814876
1343.72 0.0833219
1344.45 0.0821754
1345.17 0.084239
1345.9 0.0819462
1346.62 0.083597
1347.35 0.0823589
1348.08 0.0823589
1348.8 0.0840556
1349.53 0.0849269
1350.25 0.0862567
1350.98 0.0841931
1351.7 0.0821296
1352.43 0.082313
1353.15 0.0846059
1353.88 0.0824964
1354.6 0.0842849
1355.33 0.0844683
1356.05 0.0843766
1356.78 0.0834594
1357.5 0.0831843
1358.22 0.0807997
1358.95 0.0839639
1359.67 0.0851103
1360.4 0.0857981
1361.12 0.0831384
1361.85 0.0847434
1362.57 0.0827257
1363.29 0.0814876
1364.02 0.0794699
1364.74 0.0791948
1365.47 0.0801119
1366.19 0.0806163
1366.91 0.0788279
1367.64 0.0791948
1368.36 0.0783235
1369.08 0.0789655
1369.81 0.0785069
1370.53 0.0774522
1371.25 0.0812583
1371.98 0.0821754
1372.7 0.0803412
1373.42 0.0817627
1374.15 0.083597
1374.87 0.0818086
1375.59 0.083597
1376.31 0.0842849
1377.04 0.0862108
1377.76 0.0840556
1378.48 0.0836887
1379.2 0.082955
